=== Run information ===

Scheme:       weka.classifiers.bayes.NaiveBayes 
Relation:     Race_classification
Instances:    4518
Attributes:   9
              ﻿armed
              age
              gender
              race
              state
              signsofmentalillness
              threatlevel
              flee
              bodycamera
Test mode:    5-fold cross-validation

=== Classifier model (full training set) ===

Naive Bayes Classifier

                         Class
Attribute                    A       W       H       B       O       N
                        (0.02)  (0.51)  (0.18)  (0.27)  (0.01)  (0.02)
=======================================================================
﻿armed
  gun                      32.0  1417.0   433.0   733.0    19.0    37.0
  not gun                  47.0   883.0   398.0   473.0    25.0    33.0
  [total]                  79.0  2300.0   831.0  1206.0    44.0    70.0

age
  mean                  36.9143 40.0035 33.7088 32.5617 32.7587   32.15
  std. dev.             12.5066 13.3065 10.6324 11.4503  10.737  9.1246
  weight sum                 77    2298     829    1204      42      68
  precision              1.1333  1.1333  1.1333  1.1333  1.1333  1.1333

gender
  M                        75.0  2154.0   803.0  1160.0    40.0    64.0
  F                         4.0   146.0    28.0    46.0     4.0     6.0
  [total]                  79.0  2300.0   831.0  1206.0    44.0    70.0

state
  WA                        8.0    67.0    22.0    19.0     3.0     8.0
  OR                        1.0    58.0     8.0     6.0     1.0     1.0
  KS                        1.0    34.0     8.0     7.0     1.0     2.0
  CA                       26.0   202.0   293.0   129.0     9.0     5.0
  CO                        5.0    88.0    46.0    19.0     3.0     6.0
  OK                        4.0    93.0     9.0    30.0     1.0     7.0
  AZ                        1.0    97.0    81.0    16.0     1.0    10.0
  IA                        1.0    23.0     1.0     8.0     1.0     1.0
  PA                        1.0    43.0     7.0    42.0     1.0     1.0
  TX                        5.0   169.0   130.0    90.0     4.0     1.0
  OH                        3.0    79.0     1.0    52.0     4.0     1.0
  LA                        2.0    36.0     3.0    55.0     1.0     1.0
  UT                        2.0    42.0     8.0     7.0     2.0     3.0
  AR                        2.0    37.0     1.0    20.0     1.0     1.0
  IL                        1.0    30.0    13.0    54.0     1.0     1.0
  NV                        3.0    41.0    25.0    15.0     1.0     2.0
  NM                        1.0    28.0    56.0     3.0     1.0     2.0
  VA                        2.0    40.0     5.0    39.0     2.0     2.0
  NJ                        2.0    19.0     8.0    30.0     1.0     1.0
  IN                        1.0    58.0     6.0    28.0     1.0     1.0
  MN                        4.0    37.0     3.0     9.0     4.0     5.0
  KY                        2.0    62.0     4.0    12.0     1.0     2.0
  MA                        1.0    16.0     5.0     9.0     2.0     1.0
  MO                        2.0    61.0     4.0    47.0     1.0     1.0
  NH                        1.0    12.0     1.0     1.0     1.0     1.0
  ID                        1.0    31.0     4.0     2.0     1.0     2.0
  MD                        2.0    23.0     4.0    45.0     1.0     1.0
  NE                        1.0    15.0     4.0     6.0     1.0     2.0
  MI                        1.0    45.0     3.0    27.0     2.0     1.0
  MT                        1.0    22.0     1.0     1.0     1.0     4.0
  GA                        4.0    77.0    11.0    65.0     1.0     1.0
  FL                        2.0   157.0    51.0   109.0     6.0     1.0
  TN                        2.0    86.0     5.0    31.0     2.0     1.0
  NC                        2.0    84.0     9.0    44.0     1.0     1.0
  AK                        2.0    18.0     1.0     3.0     1.0     9.0
  NY                        2.0    36.0     7.0    45.0     1.0     1.0
  ME                        1.0    15.0     1.0     2.0     2.0     1.0
  AL                        1.0    55.0     3.0    27.0     1.0     1.0
  MS                        2.0    33.0     2.0    22.0     1.0     1.0
  WI                        2.0    54.0     6.0    19.0     1.0     3.0
  SC                        2.0    47.0     3.0    22.0     1.0     1.0
  DC                        1.0     2.0     1.0    14.0     1.0     1.0
  WV                        2.0    27.0     1.0     7.0     1.0     1.0
  DE                        1.0     5.0     1.0     6.0     1.0     1.0
  HI                        7.0     3.0     2.0     2.0    11.0     1.0
  WY                        1.0    11.0     2.0     1.0     1.0     3.0
  ND                        1.0     4.0     1.0     1.0     1.0     6.0
  CT                        1.0    11.0     5.0     3.0     1.0     1.0
  SD                        2.0     9.0     1.0     1.0     1.0     4.0
  VT                        1.0     6.0     1.0     1.0     1.0     2.0
  RI                        1.0     1.0     2.0     2.0     1.0     1.0
  [total]                 128.0  2349.0   880.0  1255.0    93.0   119.0

signsofmentalillness
  TRUE                     22.0   713.0   160.0   198.0    11.0    15.0
  FALSE                    57.0  1587.0   671.0  1008.0    33.0    55.0
  [total]                  79.0  2300.0   831.0  1206.0    44.0    70.0

threatlevel
  attack                   47.0  1564.0   493.0   818.0    30.0    42.0
  other                    32.0   666.0   301.0   334.0    14.0    26.0
  undetermined              1.0    71.0    38.0    55.0     1.0     3.0
  [total]                  80.0  2301.0   832.0  1207.0    45.0    71.0

flee
  Not fleeing              64.0  1639.0   539.0   726.0    29.0    45.0
  Car                       4.0   339.0   126.0   182.0     8.0     9.0
  Foot                     12.0   253.0   129.0   254.0     6.0    16.0
  Other                     1.0    71.0    39.0    46.0     3.0     2.0
  [total]                  81.0  2302.0   833.0  1208.0    46.0    72.0

bodycamera
  FALSE                    64.0  2054.0   718.0   994.0    39.0    57.0
  TRUE                     15.0   246.0   113.0   212.0     5.0    13.0
  [total]                  79.0  2300.0   831.0  1206.0    44.0    70.0



Time taken to build model: 0.03 seconds


=== Classifier model for fold 1 ===

Naive Bayes Classifier

                         Class
Attribute                    A       W       H       B       O       N
                        (0.02)  (0.51)  (0.18)  (0.27)  (0.01)  (0.02)
=======================================================================
﻿armed
  gun                      25.0  1137.0   338.0   576.0    14.0    30.0
  not gun                  39.0   704.0   327.0   389.0    21.0    26.0
  [total]                  64.0  1841.0   665.0   965.0    35.0    56.0

age
  mean                  36.6505 40.0352 33.8154 32.8055 32.2485 32.1111
  std. dev.             12.6218 13.2365 10.5723 11.6591 10.5585  8.8945
  weight sum                 62    1839     663     963      33      54
  precision              1.1333  1.1333  1.1333  1.1333  1.1333  1.1333

gender
  M                        62.0  1718.0   641.0   931.0    31.0    50.0
  F                         2.0   123.0    24.0    34.0     4.0     6.0
  [total]                  64.0  1841.0   665.0   965.0    35.0    56.0

state
  WA                        6.0    55.0    17.0    14.0     3.0     8.0
  OR                        1.0    45.0     6.0     6.0     1.0     1.0
  KS                        1.0    28.0     7.0     5.0     1.0     2.0
  CA                       23.0   156.0   236.0    98.0     7.0     5.0
  CO                        4.0    69.0    40.0    16.0     2.0     6.0
  OK                        4.0    64.0     7.0    26.0     1.0     7.0
  AZ                        1.0    74.0    66.0    15.0     1.0     8.0
  IA                        1.0    18.0     1.0     7.0     1.0     1.0
  PA                        1.0    37.0     2.0    34.0     1.0     1.0
  TX                        3.0   140.0   103.0    76.0     3.0     1.0
  OH                        3.0    67.0     1.0    39.0     3.0     1.0
  LA                        1.0    30.0     2.0    44.0     1.0     1.0
  UT                        2.0    35.0     8.0     5.0     2.0     2.0
  AR                        1.0    33.0     1.0    20.0     1.0     1.0
  IL                        1.0    23.0    10.0    48.0     1.0     1.0
  NV                        3.0    35.0    22.0    14.0     1.0     2.0
  NM                        1.0    26.0    44.0     3.0     1.0     2.0
  VA                        2.0    25.0     3.0    32.0     2.0     1.0
  NJ                        2.0    17.0     5.0    29.0     1.0     1.0
  IN                        1.0    48.0     6.0    22.0     1.0     1.0
  MN                        4.0    29.0     3.0     6.0     4.0     2.0
  KY                        2.0    56.0     4.0     9.0     1.0     2.0
  MA                        1.0    14.0     5.0     6.0     2.0     1.0
  MO                        1.0    49.0     3.0    35.0     1.0     1.0
  NH                        1.0     9.0     1.0     1.0     1.0     1.0
  ID                        1.0    26.0     3.0     1.0     1.0     2.0
  MD                        1.0    18.0     3.0    33.0     1.0     1.0
  NE                        1.0    11.0     4.0     5.0     1.0     1.0
  MI                        1.0    42.0     2.0    24.0     2.0     1.0
  MT                        1.0    15.0     1.0     1.0     1.0     2.0
  GA                        4.0    64.0    10.0    49.0     1.0     1.0
  FL                        2.0   121.0    41.0    86.0     6.0     1.0
  TN                        2.0    67.0     3.0    24.0     1.0     1.0
  NC                        2.0    68.0     7.0    38.0     1.0     1.0
  AK                        2.0    16.0     1.0     2.0     1.0     6.0
  NY                        2.0    30.0     7.0    36.0     1.0     1.0
  ME                        1.0    14.0     1.0     2.0     1.0     1.0
  AL                        1.0    45.0     3.0    23.0     1.0     1.0
  MS                        2.0    27.0     2.0    19.0     1.0     1.0
  WI                        2.0    46.0     5.0    16.0     1.0     3.0
  SC                        1.0    37.0     2.0    16.0     1.0     1.0
  DC                        1.0     2.0     1.0    11.0     1.0     1.0
  WV                        1.0    24.0     1.0     3.0     1.0     1.0
  DE                        1.0     3.0     1.0     4.0     1.0     1.0
  HI                        6.0     3.0     2.0     2.0     9.0     1.0
  WY                        1.0     8.0     2.0     1.0     1.0     3.0
  ND                        1.0     3.0     1.0     1.0     1.0     6.0
  CT                        1.0     6.0     4.0     3.0     1.0     1.0
  SD                        2.0     7.0     1.0     1.0     1.0     3.0
  VT                        1.0     4.0     1.0     1.0     1.0     2.0
  RI                        1.0     1.0     2.0     2.0     1.0     1.0
  [total]                 113.0  1890.0   714.0  1014.0    84.0   105.0

signsofmentalillness
  TRUE                     20.0   563.0   131.0   160.0     7.0    12.0
  FALSE                    44.0  1278.0   534.0   805.0    28.0    44.0
  [total]                  64.0  1841.0   665.0   965.0    35.0    56.0

threatlevel
  attack                   36.0  1248.0   390.0   652.0    26.0    36.0
  other                    28.0   533.0   250.0   268.0     9.0    18.0
  undetermined              1.0    61.0    26.0    46.0     1.0     3.0
  [total]                  65.0  1842.0   666.0   966.0    36.0    57.0

flee
  Not fleeing              51.0  1308.0   432.0   592.0    22.0    38.0
  Car                       4.0   271.0   102.0   144.0     7.0     7.0
  Foot                     10.0   206.0   101.0   195.0     5.0    11.0
  Other                     1.0    58.0    32.0    36.0     3.0     2.0
  [total]                  66.0  1843.0   667.0   967.0    37.0    58.0

bodycamera
  FALSE                    51.0  1645.0   575.0   800.0    31.0    45.0
  TRUE                     13.0   196.0    90.0   165.0     4.0    11.0
  [total]                  64.0  1841.0   665.0   965.0    35.0    56.0



=== Classifier model for fold 2 ===

Naive Bayes Classifier

                         Class
Attribute                    A       W       H       B       O       N
                        (0.02)  (0.51)  (0.18)  (0.27)  (0.01)  (0.02)
=======================================================================
﻿armed
  gun                      28.0  1126.0   355.0   582.0    17.0    28.0
  not gun                  35.0   715.0   310.0   383.0    19.0    28.0
  [total]                  63.0  1841.0   665.0   965.0    36.0    56.0

age
  mean                  36.3802 40.0603  33.808 32.5856 33.6149  31.992
  std. dev.             12.9667 13.2922  10.733 11.5428 10.9585  9.0348
  weight sum                 61    1839     663     963      34      54
  precision              1.1486  1.1486  1.1486  1.1486  1.1486  1.1486

gender
  M                        60.0  1719.0   645.0   925.0    33.0    52.0
  F                         3.0   122.0    20.0    40.0     3.0     4.0
  [total]                  63.0  1841.0   665.0   965.0    36.0    56.0

state
  WA                        7.0    52.0    19.0    15.0     2.0     5.0
  OR                        1.0    45.0     7.0     5.0     1.0     1.0
  KS                        1.0    28.0     6.0     7.0     1.0     2.0
  CA                       20.0   164.0   237.0   102.0     8.0     5.0
  CO                        3.0    73.0    37.0    15.0     3.0     4.0
  OK                        3.0    73.0     7.0    22.0     1.0     6.0
  AZ                        1.0    82.0    64.0    13.0     1.0     9.0
  IA                        1.0    21.0     1.0     6.0     1.0     1.0
  PA                        1.0    30.0     6.0    33.0     1.0     1.0
  TX                        3.0   135.0   102.0    70.0     4.0     1.0
  OH                        2.0    71.0     1.0    45.0     3.0     1.0
  LA                        2.0    29.0     3.0    44.0     1.0     1.0
  UT                        2.0    31.0     5.0     7.0     2.0     3.0
  AR                        2.0    33.0     1.0    17.0     1.0     1.0
  IL                        1.0    27.0    12.0    36.0     1.0     1.0
  NV                        3.0    31.0    20.0    10.0     1.0     2.0
  NM                        1.0    21.0    43.0     3.0     1.0     1.0
  VA                        1.0    32.0     5.0    33.0     1.0     2.0
  NJ                        2.0    14.0     7.0    22.0     1.0     1.0
  IN                        1.0    48.0     6.0    27.0     1.0     1.0
  MN                        4.0    29.0     3.0     9.0     4.0     5.0
  KY                        2.0    51.0     2.0    11.0     1.0     1.0
  MA                        1.0    10.0     4.0     7.0     2.0     1.0
  MO                        2.0    49.0     4.0    41.0     1.0     1.0
  NH                        1.0     9.0     1.0     1.0     1.0     1.0
  ID                        1.0    23.0     4.0     2.0     1.0     2.0
  MD                        2.0    21.0     4.0    37.0     1.0     1.0
  NE                        1.0    13.0     3.0     6.0     1.0     2.0
  MI                        1.0    35.0     2.0    16.0     2.0     1.0
  MT                        1.0    16.0     1.0     1.0     1.0     4.0
  GA                        3.0    59.0     8.0    55.0     1.0     1.0
  FL                        2.0   129.0    41.0    95.0     4.0     1.0
  TN                        2.0    67.0     4.0    25.0     2.0     1.0
  NC                        2.0    66.0     7.0    33.0     1.0     1.0
  AK                        2.0    16.0     1.0     3.0     1.0     7.0
  NY                        2.0    27.0     6.0    37.0     1.0     1.0
  ME                        1.0    11.0     1.0     1.0     2.0     1.0
  AL                        1.0    50.0     3.0    18.0     1.0     1.0
  MS                        2.0    24.0     2.0    18.0     1.0     1.0
  WI                        2.0    42.0     5.0    17.0     1.0     2.0
  SC                        2.0    35.0     3.0    18.0     1.0     1.0
  DC                        1.0     2.0     1.0    10.0     1.0     1.0
  WV                        2.0    21.0     1.0     6.0     1.0     1.0
  DE                        1.0     5.0     1.0     5.0     1.0     1.0
  HI                        6.0     2.0     1.0     1.0     9.0     1.0
  WY                        1.0    10.0     2.0     1.0     1.0     3.0
  ND                        1.0     4.0     1.0     1.0     1.0     4.0
  CT                        1.0    10.0     5.0     3.0     1.0     1.0
  SD                        2.0     7.0     1.0     1.0     1.0     4.0
  VT                        1.0     6.0     1.0     1.0     1.0     2.0
  RI                        1.0     1.0     2.0     2.0     1.0     1.0
  [total]                 112.0  1890.0   714.0  1014.0    85.0   105.0

signsofmentalillness
  TRUE                     17.0   556.0   123.0   151.0    10.0    11.0
  FALSE                    46.0  1285.0   542.0   814.0    26.0    45.0
  [total]                  63.0  1841.0   665.0   965.0    36.0    56.0

threatlevel
  attack                   41.0  1263.0   394.0   653.0    23.0    33.0
  other                    22.0   523.0   240.0   271.0    13.0    21.0
  undetermined              1.0    56.0    32.0    42.0     1.0     3.0
  [total]                  64.0  1842.0   666.0   966.0    37.0    57.0

flee
  Not fleeing              51.0  1322.0   429.0   564.0    23.0    35.0
  Car                       3.0   256.0   107.0   153.0     8.0     7.0
  Foot                     10.0   208.0   102.0   212.0     4.0    15.0
  Other                     1.0    57.0    29.0    38.0     3.0     1.0
  [total]                  65.0  1843.0   667.0   967.0    38.0    58.0

bodycamera
  FALSE                    51.0  1656.0   572.0   793.0    32.0    46.0
  TRUE                     12.0   185.0    93.0   172.0     4.0    10.0
  [total]                  63.0  1841.0   665.0   965.0    36.0    56.0



=== Classifier model for fold 3 ===

Naive Bayes Classifier

                         Class
Attribute                    A       W       H       B       O       N
                        (0.02)  (0.51)  (0.18)  (0.27)  (0.01)  (0.02)
=======================================================================
﻿armed
  gun                      23.0  1132.0   337.0   593.0    14.0    31.0
  not gun                  40.0   708.0   328.0   372.0    22.0    26.0
  [total]                  63.0  1840.0   665.0   965.0    36.0    57.0

age
  mean                  35.7905 39.9343 33.5757 32.5592 31.8836 32.7509
  std. dev.             12.8384 13.3067 10.4754 11.5678 10.2836  9.3046
  weight sum                 61    1838     663     963      34      55
  precision              1.1644  1.1644  1.1644  1.1644  1.1644  1.1644

gender
  M                        59.0  1726.0   639.0   930.0    33.0    53.0
  F                         4.0   114.0    26.0    35.0     3.0     4.0
  [total]                  63.0  1840.0   665.0   965.0    36.0    57.0

state
  WA                        7.0    53.0    19.0    17.0     3.0     8.0
  OR                        1.0    49.0     6.0     4.0     1.0     1.0
  KS                        1.0    28.0     6.0     5.0     1.0     2.0
  CA                       19.0   159.0   239.0   109.0     8.0     4.0
  CO                        5.0    72.0    34.0    13.0     3.0     4.0
  OK                        4.0    80.0     9.0    27.0     1.0     5.0
  AZ                        1.0    72.0    66.0    12.0     1.0     6.0
  IA                        1.0    21.0     1.0     6.0     1.0     1.0
  PA                        1.0    37.0     7.0    32.0     1.0     1.0
  TX                        5.0   131.0   107.0    69.0     3.0     1.0
  OH                        2.0    55.0     1.0    41.0     3.0     1.0
  LA                        2.0    28.0     3.0    42.0     1.0     1.0
  UT                        2.0    34.0     5.0     5.0     2.0     3.0
  AR                        2.0    27.0     1.0    13.0     1.0     1.0
  IL                        1.0    27.0    11.0    45.0     1.0     1.0
  NV                        3.0    33.0    21.0    12.0     1.0     2.0
  NM                        1.0    22.0    46.0     3.0     1.0     2.0
  VA                        2.0    35.0     5.0    32.0     2.0     2.0
  NJ                        2.0    14.0     6.0    21.0     1.0     1.0
  IN                        1.0    43.0     2.0    19.0     1.0     1.0
  MN                        2.0    32.0     2.0     9.0     3.0     5.0
  KY                        2.0    51.0     3.0     9.0     1.0     2.0
  MA                        1.0    14.0     4.0     7.0     2.0     1.0
  MO                        2.0    53.0     4.0    37.0     1.0     1.0
  NH                        1.0    10.0     1.0     1.0     1.0     1.0
  ID                        1.0    24.0     2.0     2.0     1.0     1.0
  MD                        2.0    18.0     3.0    39.0     1.0     1.0
  NE                        1.0    13.0     3.0     5.0     1.0     2.0
  MI                        1.0    35.0     3.0    25.0     2.0     1.0
  MT                        1.0    19.0     1.0     1.0     1.0     4.0
  GA                        3.0    60.0    10.0    54.0     1.0     1.0
  FL                        1.0   126.0    38.0    90.0     5.0     1.0
  TN                        2.0    72.0     4.0    25.0     2.0     1.0
  NC                        2.0    76.0     8.0    37.0     1.0     1.0
  AK                        2.0    14.0     1.0     3.0     1.0     8.0
  NY                        2.0    28.0     4.0    36.0     1.0     1.0
  ME                        1.0    10.0     1.0     2.0     2.0     1.0
  AL                        1.0    43.0     3.0    24.0     1.0     1.0
  MS                        1.0    30.0     2.0    15.0     1.0     1.0
  WI                        1.0    44.0     5.0    15.0     1.0     2.0
  SC                        2.0    36.0     2.0    18.0     1.0     1.0
  DC                        1.0     1.0     1.0    12.0     1.0     1.0
  WV                        2.0    21.0     1.0     7.0     1.0     1.0
  DE                        1.0     3.0     1.0     5.0     1.0     1.0
  HI                        6.0     3.0     2.0     2.0     8.0     1.0
  WY                        1.0    10.0     1.0     1.0     1.0     3.0
  ND                        1.0     2.0     1.0     1.0     1.0     5.0
  CT                        1.0     8.0     5.0     2.0     1.0     1.0
  SD                        2.0     7.0     1.0     1.0     1.0     4.0
  VT                        1.0     5.0     1.0     1.0     1.0     2.0
  RI                        1.0     1.0     1.0     1.0     1.0     1.0
  [total]                 112.0  1889.0   714.0  1014.0    85.0   106.0

signsofmentalillness
  TRUE                     16.0   569.0   134.0   150.0    10.0    14.0
  FALSE                    47.0  1271.0   531.0   815.0    26.0    43.0
  [total]                  63.0  1840.0   665.0   965.0    36.0    57.0

threatlevel
  attack                   35.0  1243.0   393.0   655.0    26.0    33.0
  other                    28.0   541.0   241.0   268.0    10.0    23.0
  undetermined              1.0    57.0    32.0    43.0     1.0     2.0
  [total]                  64.0  1841.0   666.0   966.0    37.0    58.0

flee
  Not fleeing              50.0  1300.0   441.0   592.0    25.0    37.0
  Car                       4.0   283.0    97.0   132.0     6.0     8.0
  Foot                     10.0   203.0    98.0   202.0     5.0    12.0
  Other                     1.0    56.0    31.0    41.0     2.0     2.0
  [total]                  65.0  1842.0   667.0   967.0    38.0    59.0

bodycamera
  FALSE                    51.0  1638.0   579.0   792.0    32.0    45.0
  TRUE                     12.0   202.0    86.0   173.0     4.0    12.0
  [total]                  63.0  1840.0   665.0   965.0    36.0    57.0



=== Classifier model for fold 4 ===

Naive Bayes Classifier

                         Class
Attribute                    A       W       H       B       O       N
                        (0.02)  (0.51)  (0.18)  (0.27)  (0.01)  (0.02)
=======================================================================
﻿armed
  gun                      25.0  1137.0   354.0   577.0    15.0    31.0
  not gun                  39.0   703.0   311.0   388.0    21.0    26.0
  [total]                  64.0  1840.0   665.0   965.0    36.0    57.0

age
  mean                  37.2978  39.985 33.5897 32.2993 32.8425 32.0735
  std. dev.             12.1457  13.442 10.8488 11.4871 11.0636  9.3726
  weight sum                 62    1838     663     963      34      55
  precision              1.1644  1.1644  1.1644  1.1644  1.1644  1.1644

gender
  M                        60.0  1722.0   642.0   928.0    32.0    52.0
  F                         4.0   118.0    23.0    37.0     4.0     5.0
  [total]                  64.0  1840.0   665.0   965.0    36.0    57.0

state
  WA                        7.0    52.0    17.0    16.0     3.0     5.0
  OR                        1.0    49.0     8.0     6.0     1.0     1.0
  KS                        1.0    23.0     6.0     6.0     1.0     1.0
  CA                       22.0   165.0   231.0   106.0     5.0     4.0
  CO                        4.0    70.0    38.0    17.0     3.0     5.0
  OK                        3.0    86.0     7.0    25.0     1.0     6.0
  AZ                        1.0    82.0    65.0    12.0     1.0     9.0
  IA                        1.0    15.0     1.0     6.0     1.0     1.0
  PA                        1.0    34.0     7.0    35.0     1.0     1.0
  TX                        5.0   136.0   100.0    74.0     4.0     1.0
  OH                        3.0    60.0     1.0    39.0     4.0     1.0
  LA                        2.0    31.0     3.0    46.0     1.0     1.0
  UT                        2.0    34.0     7.0     7.0     2.0     2.0
  AR                        2.0    27.0     1.0    16.0     1.0     1.0
  IL                        1.0    21.0     7.0    41.0     1.0     1.0
  NV                        1.0    32.0    17.0    12.0     1.0     2.0
  NM                        1.0    23.0    47.0     2.0     1.0     2.0
  VA                        2.0    33.0     4.0    29.0     2.0     2.0
  NJ                        2.0    18.0     7.0    25.0     1.0     1.0
  IN                        1.0    44.0     5.0    20.0     1.0     1.0
  MN                        4.0    28.0     2.0     7.0     4.0     5.0
  KY                        1.0    42.0     4.0     9.0     1.0     2.0
  MA                        1.0    15.0     4.0     8.0     1.0     1.0
  MO                        2.0    50.0     4.0    40.0     1.0     1.0
  NH                        1.0    11.0     1.0     1.0     1.0     1.0
  ID                        1.0    28.0     4.0     2.0     1.0     2.0
  MD                        2.0    17.0     4.0    38.0     1.0     1.0
  NE                        1.0    12.0     3.0     4.0     1.0     2.0
  MI                        1.0    34.0     3.0    23.0     2.0     1.0
  MT                        1.0    21.0     1.0     1.0     1.0     4.0
  GA                        4.0    62.0     8.0    47.0     1.0     1.0
  FL                        2.0   124.0    47.0    86.0     6.0     1.0
  TN                        2.0    70.0     5.0    26.0     2.0     1.0
  NC                        1.0    64.0     8.0    37.0     1.0     1.0
  AK                        1.0    14.0     1.0     2.0     1.0     8.0
  NY                        1.0    31.0     7.0    38.0     1.0     1.0
  ME                        1.0    13.0     1.0     2.0     2.0     1.0
  AL                        1.0    40.0     2.0    22.0     1.0     1.0
  MS                        2.0    25.0     1.0    20.0     1.0     1.0
  WI                        2.0    42.0     5.0    11.0     1.0     3.0
  SC                        2.0    42.0     3.0    19.0     1.0     1.0
  DC                        1.0     2.0     1.0    10.0     1.0     1.0
  WV                        2.0    22.0     1.0     6.0     1.0     1.0
  DE                        1.0     5.0     1.0     5.0     1.0     1.0
  HI                        6.0     3.0     2.0     2.0     8.0     1.0
  WY                        1.0     8.0     2.0     1.0     1.0     2.0
  ND                        1.0     4.0     1.0     1.0     1.0     5.0
  CT                        1.0    10.0     5.0     2.0     1.0     1.0
  SD                        1.0     9.0     1.0     1.0     1.0     3.0
  VT                        1.0     5.0     1.0     1.0     1.0     2.0
  RI                        1.0     1.0     2.0     2.0     1.0     1.0
  [total]                 113.0  1889.0   714.0  1014.0    85.0   106.0

signsofmentalillness
  TRUE                     17.0   572.0   131.0   166.0     9.0    13.0
  FALSE                    47.0  1268.0   534.0   799.0    27.0    44.0
  [total]                  64.0  1840.0   665.0   965.0    36.0    57.0

threatlevel
  attack                   36.0  1253.0   407.0   657.0    23.0    34.0
  other                    28.0   538.0   230.0   263.0    13.0    21.0
  undetermined              1.0    50.0    29.0    46.0     1.0     3.0
  [total]                  65.0  1841.0   666.0   966.0    37.0    58.0

flee
  Not fleeing              52.0  1306.0   424.0   571.0    26.0    35.0
  Car                       3.0   280.0   100.0   154.0     5.0     8.0
  Foot                     10.0   200.0   108.0   206.0     5.0    14.0
  Other                     1.0    56.0    35.0    36.0     2.0     2.0
  [total]                  66.0  1842.0   667.0   967.0    38.0    59.0

bodycamera
  FALSE                    51.0  1637.0   572.0   801.0    31.0    46.0
  TRUE                     13.0   203.0    93.0   164.0     5.0    11.0
  [total]                  64.0  1840.0   665.0   965.0    36.0    57.0



=== Classifier model for fold 5 ===

Naive Bayes Classifier

                         Class
Attribute                    A       W       H       B       O       N
                        (0.02)  (0.51)  (0.18)  (0.27)  (0.01)  (0.02)
=======================================================================
﻿armed
  gun                      28.0  1137.0   349.0   605.0    17.0    29.0
  not gun                  36.0   703.0   317.0   361.0    18.0    27.0
  [total]                  64.0  1840.0   666.0   966.0    35.0    56.0

age
  mean                  38.1613 40.0308 33.6083 32.4754 33.1252 31.4847
  std. dev.             12.0024 13.3379 10.5765 11.0493 10.9617  9.0602
  weight sum                 62    1838     664     964      33      54
  precision              1.1304  1.1304  1.1304  1.1304  1.1304  1.1304

gender
  M                        60.0  1732.0   646.0   927.0    32.0    50.0
  F                         4.0   108.0    20.0    39.0     3.0     6.0
  [total]                  64.0  1840.0   666.0   966.0    35.0    56.0

state
  WA                        6.0    57.0    17.0    15.0     2.0     7.0
  OR                        1.0    45.0     6.0     4.0     1.0     1.0
  KS                        1.0    30.0     8.0     6.0     1.0     2.0
  CA                       21.0   165.0   230.0   102.0     9.0     3.0
  CO                        5.0    69.0    36.0    16.0     2.0     6.0
  OK                        3.0    70.0     7.0    21.0     1.0     5.0
  AZ                        1.0    79.0    64.0    13.0     1.0     9.0
  IA                        1.0    18.0     1.0     8.0     1.0     1.0
  PA                        1.0    35.0     7.0    35.0     1.0     1.0
  TX                        5.0   135.0   109.0    72.0     3.0     1.0
  OH                        3.0    64.0     1.0    45.0     4.0     1.0
  LA                        2.0    27.0     2.0    45.0     1.0     1.0
  UT                        1.0    35.0     8.0     5.0     1.0     3.0
  AR                        2.0    29.0     1.0    15.0     1.0     1.0
  IL                        1.0    23.0    13.0    47.0     1.0     1.0
  NV                        3.0    34.0    21.0    13.0     1.0     1.0
  NM                        1.0    21.0    45.0     2.0     1.0     2.0
  VA                        2.0    36.0     4.0    31.0     2.0     2.0
  NJ                        1.0    14.0     8.0    24.0     1.0     1.0
  IN                        1.0    50.0     6.0    25.0     1.0     1.0
  MN                        3.0    31.0     3.0     6.0     2.0     4.0
  KY                        2.0    49.0     4.0    11.0     1.0     2.0
  MA                        1.0    12.0     4.0     9.0     2.0     1.0
  MO                        2.0    44.0     2.0    36.0     1.0     1.0
  NH                        1.0    10.0     1.0     1.0     1.0     1.0
  ID                        1.0    24.0     4.0     2.0     1.0     2.0
  MD                        2.0    19.0     3.0    34.0     1.0     1.0
  NE                        1.0    12.0     4.0     5.0     1.0     2.0
  MI                        1.0    35.0     3.0    21.0     1.0     1.0
  MT                        1.0    18.0     1.0     1.0     1.0     3.0
  GA                        3.0    64.0     9.0    56.0     1.0     1.0
  FL                        2.0   129.0    38.0    80.0     4.0     1.0
  TN                        1.0    69.0     5.0    25.0     2.0     1.0
  NC                        2.0    63.0     7.0    32.0     1.0     1.0
  AK                        2.0    13.0     1.0     3.0     1.0     8.0
  NY                        2.0    29.0     5.0    34.0     1.0     1.0
  ME                        1.0    13.0     1.0     2.0     2.0     1.0
  AL                        1.0    43.0     2.0    22.0     1.0     1.0
  MS                        2.0    27.0     2.0    17.0     1.0     1.0
  WI                        2.0    43.0     5.0    18.0     1.0     3.0
  SC                        2.0    39.0     3.0    18.0     1.0     1.0
  DC                        1.0     2.0     1.0    14.0     1.0     1.0
  WV                        2.0    21.0     1.0     7.0     1.0     1.0
  DE                        1.0     5.0     1.0     6.0     1.0     1.0
  HI                        5.0     2.0     2.0     2.0    11.0     1.0
  WY                        1.0     9.0     2.0     1.0     1.0     2.0
  ND                        1.0     4.0     1.0     1.0     1.0     5.0
  CT                        1.0    11.0     2.0     3.0     1.0     1.0
  SD                        2.0     7.0     1.0     1.0     1.0     3.0
  VT                        1.0     5.0     1.0     1.0     1.0     1.0
  RI                        1.0     1.0     2.0     2.0     1.0     1.0
  [total]                 113.0  1889.0   715.0  1015.0    84.0   105.0

signsofmentalillness
  TRUE                     19.0   593.0   122.0   166.0     9.0    11.0
  FALSE                    45.0  1247.0   544.0   800.0    26.0    45.0
  [total]                  64.0  1840.0   666.0   966.0    35.0    56.0

threatlevel
  attack                   41.0  1250.0   389.0   656.0    23.0    33.0
  other                    23.0   530.0   244.0   267.0    12.0    22.0
  undetermined              1.0    61.0    34.0    44.0     1.0     2.0
  [total]                  65.0  1841.0   667.0   967.0    36.0    57.0

flee
  Not fleeing              53.0  1321.0   431.0   586.0    21.0    36.0
  Car                       3.0   267.0    99.0   146.0     7.0     7.0
  Foot                      9.0   196.0   108.0   202.0     6.0    13.0
  Other                     1.0    58.0    30.0    34.0     3.0     2.0
  [total]                  66.0  1842.0   668.0   968.0    37.0    58.0

bodycamera
  FALSE                    53.0  1641.0   575.0   791.0    31.0    47.0
  TRUE                     11.0   199.0    91.0   175.0     4.0     9.0
  [total]                  64.0  1840.0   666.0   966.0    35.0    56.0


=== Stratified cross-validation ===
=== Summary ===

Correctly Classified Instances        2656               58.7871 %
Incorrectly Classified Instances      1862               41.2129 %
Kappa statistic                          0.3178
K&B Relative Info Score                 25.5445 %
K&B Information Score                 1970.4787 bits      0.4361 bits/instance
Class complexity | order 0            7713.8997 bits      1.7074 bits/instance
Class complexity | scheme             6499.7278 bits      1.4386 bits/instance
Complexity improvement     (Sf)       1214.1719 bits      0.2687 bits/instance
Mean absolute error                      0.1759
Root mean squared error                  0.2988
Relative absolute error                 82.9125 %
Root relative squared error             91.7645 %
Total Number of Instances             4518     

=== Detailed Accuracy By Class ===

                 TP Rate  FP Rate  Precision  Recall   F-Measure  MCC      ROC Area  PRC Area  Class
                 0.026    0.001    0.333      0.026    0.048      0.089    0.680     0.082     A
                 0.759    0.448    0.637      0.759    0.693      0.319    0.729     0.724     W
                 0.481    0.129    0.456      0.481    0.468      0.345    0.805     0.469     H
                 0.416    0.114    0.569      0.416    0.481      0.337    0.744     0.530     B
                 0.119    0.001    0.625      0.119    0.200      0.270    0.664     0.142     O
                 0.059    0.001    0.400      0.059    0.103      0.149    0.831     0.154     N
Weighted Avg.    0.588    0.282    0.577      0.588    0.571      0.322    0.747     0.600     

=== Confusion Matrix ===

    a    b    c    d    e    f   <-- classified as
    2   42   21   10    2    0 |    a = A
    0 1745  261  286    1    5 |    b = W
    1  353  399   76    0    0 |    c = H
    1  529  172  501    0    1 |    d = B
    2   21    9    5    5    0 |    e = O
    0   49   13    2    0    4 |    f = N

